camera_matrix:
- - 1343.0101169147101
  - 0.0
  - 620.6557997250177
- - 0.0
  - 1342.8289252120562
  - 361.71447179532487
- - 0.0
  - 0.0
  - 1.0
dist_matrix:
- - -0.41597725597279955
  - -0.25766829764543087
  - 0.002985516939983818
  - 0.0022115979556624173
  - 1.204112631157729
